{
 "cells": [
  {
   "cell_type": "code",
   "execution_count": 1,
   "id": "60741f86-72dc-47c0-af95-543c4aa50615",
   "metadata": {},
   "outputs": [],
   "source": [
    "# 加载模块\n",
    "import torch"
   ]
  },
  {
   "cell_type": "code",
   "execution_count": 2,
   "id": "33ed4f15-8bfc-4750-b148-82ecedec2a8e",
   "metadata": {},
   "outputs": [],
   "source": [
    "# 加载PyTorch模块中提供的损失函数实现类\n",
    "from torch.nn import MSELoss"
   ]
  },
  {
   "cell_type": "code",
   "execution_count": 3,
   "id": "7ffa0dbf-ed70-4602-a03e-03cabbeeb0be",
   "metadata": {},
   "outputs": [],
   "source": [
    "# 数据集中的各个样本对应的模型预测-输出标记 => 一维张量\n",
    "y_hat = torch.randn(size=(50, ), dtype=torch.float32)  # 在计算机内存中一次性存储多个数, 并且这些数是服从标准正态分布的随机数\n",
    "y = torch.randn(size=(50, ), dtype=torch.float32)"
   ]
  },
  {
   "cell_type": "code",
   "execution_count": 4,
   "id": "07f4ea6a-96f4-4a99-8740-f28687bafa83",
   "metadata": {},
   "outputs": [],
   "source": [
    "# 1.选择衡量模型预测-输出标记和真实-标签之间差异的 某种形式的误差\n",
    "criterion = MSELoss()\n",
    "# 2.代入数据集中的预测-输出标记和真实-标签 计算 具体的误差数值\n",
    "loss = criterion(y_hat, y)"
   ]
  },
  {
   "cell_type": "code",
   "execution_count": 5,
   "id": "e1973581-626a-4b7e-b786-95a8879a62a9",
   "metadata": {},
   "outputs": [
    {
     "data": {
      "text/plain": [
       "tensor(2.5532)"
      ]
     },
     "execution_count": 5,
     "metadata": {},
     "output_type": "execute_result"
    }
   ],
   "source": [
    "loss"
   ]
  },
  {
   "cell_type": "markdown",
   "id": "58ce4fc4-a789-4879-8079-578323d156ed",
   "metadata": {},
   "source": [
    "##### 实例化MSELoss类的对象的时候可以传入的一个参数reduction"
   ]
  },
  {
   "cell_type": "code",
   "execution_count": 6,
   "id": "ab6aa58e-0c94-48f1-ac5c-a8570d067c15",
   "metadata": {},
   "outputs": [],
   "source": [
    "# reduction的值设置为\"mean\"(默认值), 计算MSE\n",
    "criterion = MSELoss(reduction=\"mean\")\n",
    "loss = criterion(y_hat, y)"
   ]
  },
  {
   "cell_type": "code",
   "execution_count": 7,
   "id": "61aedc64-3428-464c-8d5b-68ff10864877",
   "metadata": {},
   "outputs": [
    {
     "data": {
      "text/plain": [
       "tensor(2.5532)"
      ]
     },
     "execution_count": 7,
     "metadata": {},
     "output_type": "execute_result"
    }
   ],
   "source": [
    "loss"
   ]
  },
  {
   "cell_type": "code",
   "execution_count": 8,
   "id": "9c150cd4-53d0-4f68-9305-190787b7d4bf",
   "metadata": {},
   "outputs": [],
   "source": [
    "# reduction的值设置为\"sum\", 计算SSE\n",
    "criterion = MSELoss(reduction=\"sum\")\n",
    "loss = criterion(y_hat, y)"
   ]
  },
  {
   "cell_type": "code",
   "execution_count": 9,
   "id": "0b3ddf6c-868a-49cf-864c-5c86b5adf330",
   "metadata": {},
   "outputs": [
    {
     "data": {
      "text/plain": [
       "tensor(127.6603)"
      ]
     },
     "execution_count": 9,
     "metadata": {},
     "output_type": "execute_result"
    }
   ],
   "source": [
    "loss"
   ]
  },
  {
   "cell_type": "code",
   "execution_count": 10,
   "id": "ea5eaee3-d52c-4de9-be3d-82cd7f272562",
   "metadata": {},
   "outputs": [],
   "source": [
    "# 加载模块\n",
    "import torch\n",
    "import time"
   ]
  },
  {
   "cell_type": "code",
   "execution_count": 11,
   "id": "7101591c-bbe4-4ba7-b916-058250cfa720",
   "metadata": {},
   "outputs": [],
   "source": [
    "# 加载真实数据集, 合成虚拟数据集(synthesis)\n",
    "# 设置随机种子\n",
    "torch.random.manual_seed(55)\n",
    "\n",
    "# 1.定义数据集中样本个数\n",
    "m = 3 * pow(10, 3)\n",
    "# 2.定义数据集中每一个样本的特征变量个数\n",
    "n = 4\n",
    "# 3.生成训练数据集\n",
    "X = torch.rand(size=(m, n), dtype=torch.float32)\n",
    "y = torch.randint(low=0, high=2, size=(m, 1), dtype=torch.float32)\n",
    "# 4.生成模型的权重\n",
    "w = torch.rand(size=(n, 1), dtype=torch.float32, requires_grad=True)"
   ]
  },
  {
   "cell_type": "code",
   "execution_count": 12,
   "id": "1d592a7e-cdea-40db-84d7-d9117647ef28",
   "metadata": {},
   "outputs": [
    {
     "data": {
      "text/plain": [
       "1000"
      ]
     },
     "execution_count": 12,
     "metadata": {},
     "output_type": "execute_result"
    }
   ],
   "source": [
    "pow(10, 3)"
   ]
  },
  {
   "cell_type": "markdown",
   "id": "6e890435-d414-4006-95f8-04eaa8d2920f",
   "metadata": {},
   "source": [
    "##### 使用神经网络模型实现逻辑回归"
   ]
  },
  {
   "cell_type": "code",
   "execution_count": 13,
   "id": "05b8fbe0-070c-4c69-b410-b79f4e2b8d39",
   "metadata": {},
   "outputs": [],
   "source": [
    "# 1.整合信息\n",
    "z_hat = torch.mm(X, w)\n",
    "# 2.加工信息\n",
    "sigma = torch.sigmoid(z_hat)"
   ]
  },
  {
   "cell_type": "code",
   "execution_count": 14,
   "id": "c16dee67-613c-4d6e-ba52-a185ddb9cf60",
   "metadata": {},
   "outputs": [
    {
     "data": {
      "text/plain": [
       "tensor([[0.8551],\n",
       "        [0.7369],\n",
       "        [0.6295],\n",
       "        ...,\n",
       "        [0.6459],\n",
       "        [0.7975],\n",
       "        [0.7884]], grad_fn=<SigmoidBackward0>)"
      ]
     },
     "execution_count": 14,
     "metadata": {},
     "output_type": "execute_result"
    }
   ],
   "source": [
    "sigma"
   ]
  },
  {
   "cell_type": "code",
   "execution_count": 15,
   "id": "7a309dec-c84d-486d-9805-a19c43bbcb45",
   "metadata": {},
   "outputs": [
    {
     "data": {
      "text/plain": [
       "2"
      ]
     },
     "execution_count": 15,
     "metadata": {},
     "output_type": "execute_result"
    }
   ],
   "source": [
    "# 查看张量的维度\n",
    "y.ndim"
   ]
  },
  {
   "cell_type": "code",
   "execution_count": 16,
   "id": "69f899cb-7732-4895-bf51-13c65866f833",
   "metadata": {},
   "outputs": [
    {
     "data": {
      "text/plain": [
       "torch.Size([3000, 1])"
      ]
     },
     "execution_count": 16,
     "metadata": {},
     "output_type": "execute_result"
    }
   ],
   "source": [
    "# 查看张量的形状\n",
    "y.shape"
   ]
  },
  {
   "cell_type": "code",
   "execution_count": 17,
   "id": "c0be3f8c-777d-4e0b-ad94-94b464da8f61",
   "metadata": {},
   "outputs": [
    {
     "data": {
      "text/plain": [
       "2"
      ]
     },
     "execution_count": 17,
     "metadata": {},
     "output_type": "execute_result"
    }
   ],
   "source": [
    "# 查看张量的维度\n",
    "sigma.ndim"
   ]
  },
  {
   "cell_type": "code",
   "execution_count": 18,
   "id": "6c52a44d-f404-4c1a-86fe-34af4caee6ff",
   "metadata": {},
   "outputs": [
    {
     "data": {
      "text/plain": [
       "torch.Size([3000, 1])"
      ]
     },
     "execution_count": 18,
     "metadata": {},
     "output_type": "execute_result"
    }
   ],
   "source": [
    "# 查看张量的形状\n",
    "sigma.shape"
   ]
  },
  {
   "cell_type": "code",
   "execution_count": 19,
   "id": "c2ae87c1-2034-458f-9279-46eb6c6d65fe",
   "metadata": {},
   "outputs": [
    {
     "data": {
      "text/plain": [
       "tensor([[-0.1566],\n",
       "        [-0.3054],\n",
       "        [-0.4628],\n",
       "        ...,\n",
       "        [-0.4371],\n",
       "        [-0.2263],\n",
       "        [-0.2377]], grad_fn=<LogBackward0>)"
      ]
     },
     "execution_count": 19,
     "metadata": {},
     "output_type": "execute_result"
    }
   ],
   "source": [
    "torch.log(sigma)"
   ]
  },
  {
   "cell_type": "code",
   "execution_count": 20,
   "id": "0507c80b-a6b0-4a44-bbee-1ddcf50aaee9",
   "metadata": {},
   "outputs": [
    {
     "data": {
      "text/plain": [
       "tensor([[-1.9314],\n",
       "        [-1.3351],\n",
       "        [-0.9929],\n",
       "        ...,\n",
       "        [-1.0382],\n",
       "        [-1.5970],\n",
       "        [-1.5531]], grad_fn=<LogBackward0>)"
      ]
     },
     "execution_count": 20,
     "metadata": {},
     "output_type": "execute_result"
    }
   ],
   "source": [
    "torch.log(1 - sigma)"
   ]
  },
  {
   "cell_type": "code",
   "execution_count": 21,
   "id": "e7482f5c-86eb-4403-93da-073b3a862a98",
   "metadata": {},
   "outputs": [],
   "source": [
    "# 计算代价函数的具体函数值\n",
    "cost = -(1 / m) * torch.sum(y * torch.log(sigma) + (1-y) * torch.log((1-sigma)))"
   ]
  },
  {
   "cell_type": "code",
   "execution_count": 22,
   "id": "05921c73-3173-47c2-94d9-72db6b888d57",
   "metadata": {},
   "outputs": [
    {
     "data": {
      "text/plain": [
       "tensor(0.8601, grad_fn=<MulBackward0>)"
      ]
     },
     "execution_count": 22,
     "metadata": {},
     "output_type": "execute_result"
    }
   ],
   "source": [
    "cost"
   ]
  },
  {
   "cell_type": "code",
   "execution_count": 23,
   "id": "16802af8-edcf-4c56-9a5c-d2c907c1634c",
   "metadata": {},
   "outputs": [],
   "source": [
    "# 加载模块\n",
    "import torch\n",
    "import time\n",
    "# 设置随机数种子\n",
    "torch.random.manual_seed(55)\n",
    "\n",
    "# 加载数据集\n",
    "# 1.数据集中样本的个数m\n",
    "m = 3 * pow(10, 6)\n",
    "# 2.数据集中每一个样本的特征变量数n\n",
    "n = 4\n",
    "# 3.合成训练数据集X => 特征张量\n",
    "X = torch.randn(size=(m, n), dtype=torch.float32)\n",
    "# 3.合成真实标签y => 特征张量\n",
    "y = torch.randint(low=0, high=2, size=(m, 1), dtype=torch.float32)\n",
    "\n",
    "# 4.合成模型的权重\n",
    "w = torch.randn(size=(n, 1), requires_grad=True, dtype=torch.float32)"
   ]
  },
  {
   "cell_type": "code",
   "execution_count": 24,
   "id": "7d8a9e22-dfce-45ea-a599-855135ff0003",
   "metadata": {},
   "outputs": [],
   "source": [
    "# 整合信息\n",
    "z_hat = torch.mm(X, w)\n",
    "# 加工信息\n",
    "sigma = torch.sigmoid(z_hat)"
   ]
  },
  {
   "cell_type": "code",
   "execution_count": 25,
   "id": "11e30df6-7920-4483-ad4d-3b6ba1ecf3a8",
   "metadata": {},
   "outputs": [
    {
     "name": "stdout",
     "output_type": "stream",
     "text": [
      "该段代码耗时: 0.0363767147064209s\n"
     ]
    }
   ],
   "source": [
    "start = time.time()\n",
    "# 计算代价函数的具体函数值\n",
    "cost = -(1 / m) * torch.sum(y * torch.log(sigma) + (1-y) * torch.log((1-sigma)))\n",
    "end = time.time()\n",
    "print(f\"该段代码耗时: {end-start}s\")"
   ]
  },
  {
   "cell_type": "code",
   "execution_count": 36,
   "id": "776ede73-d359-4aa5-847d-95bc59513032",
   "metadata": {},
   "outputs": [
    {
     "name": "stdout",
     "output_type": "stream",
     "text": [
      "该段代码耗时: 17.519542932510376s\n"
     ]
    }
   ],
   "source": [
    "start = time.time()\n",
    "# 计算代价函数的具体函数值\n",
    "cost = -(1 / m) * sum(y * torch.log(sigma) + (1-y) * torch.log((1-sigma)))\n",
    "end = time.time()\n",
    "print(f\"该段代码耗时: {end-start}s\")"
   ]
  },
  {
   "cell_type": "code",
   "execution_count": 26,
   "id": "a9837560-9236-4113-89f8-2d65373de5e0",
   "metadata": {},
   "outputs": [
    {
     "name": "stdout",
     "output_type": "stream",
     "text": [
      "损失函数的值为: 1.1397103071212769\n",
      "损失函数的值为: 1.1397103071212769\n"
     ]
    }
   ],
   "source": [
    "# 加载模块\n",
    "import torch\n",
    "from torch.nn import BCELoss, BCEWithLogitsLoss\n",
    "\n",
    "# BCELoss在计算代价函数的函数值的时候, 传入的是加工信息的结果和真实标签\n",
    "criterion = BCELoss()\n",
    "loss = criterion(sigma, y)\n",
    "print(f\"损失函数的值为: {loss}\")\n",
    "\n",
    "# BCEWithLogitsLoss在计算代价函数的函数值的时候, 传入的是整合信息的结果和真实标签\n",
    "criterion = BCEWithLogitsLoss()\n",
    "loss = criterion(z_hat, y)\n",
    "print(f\"损失函数的值为: {loss}\")"
   ]
  },
  {
   "cell_type": "code",
   "execution_count": 27,
   "id": "d5b5e587-de48-4db8-aaa1-6e6f061efb55",
   "metadata": {},
   "outputs": [
    {
     "name": "stdout",
     "output_type": "stream",
     "text": [
      "损失函数的值为: 1.1397103071212769\n",
      "损失函数的值为: 1.1397103071212769\n"
     ]
    }
   ],
   "source": [
    "criterion2 = BCELoss()\n",
    "loss2 = criterion2(sigma, y)\n",
    "print(f\"损失函数的值为: {loss2}\")\n",
    "\n",
    "criterion2 = BCEWithLogitsLoss()\n",
    "loss2 = criterion2(z_hat, y)\n",
    "print(f\"损失函数的值为: {loss2}\")"
   ]
  },
  {
   "cell_type": "code",
   "execution_count": 28,
   "id": "c8a13b01-fbb4-47ca-ac7d-99812f600bc2",
   "metadata": {},
   "outputs": [
    {
     "name": "stdout",
     "output_type": "stream",
     "text": [
      "损失函数的值为: 1.1397103071212769\n",
      "损失函数的值为: 1.1397103071212769\n"
     ]
    }
   ],
   "source": [
    "# 加载模块\n",
    "from torch.nn import functional as F\n",
    "\n",
    "loss3 = F.binary_cross_entropy(sigma, y)\n",
    "print(f\"损失函数的值为: {loss3}\")\n",
    "\n",
    "loss3 = F.binary_cross_entropy_with_logits(z_hat, y)\n",
    "print(f\"损失函数的值为: {loss3}\")"
   ]
  },
  {
   "cell_type": "markdown",
   "id": "6fb4dce7-5150-45ec-90b4-3bb95d0d3abe",
   "metadata": {},
   "source": [
    "##### 多分类任务的交叉熵损失函数"
   ]
  },
  {
   "cell_type": "code",
   "execution_count": 36,
   "id": "b88337b5-9886-4370-9f44-23fe6983a912",
   "metadata": {},
   "outputs": [],
   "source": [
    "# 加载模块\n",
    "import torch\n",
    "from torch.nn import LogSoftmax, NLLLoss, CrossEntropyLoss\n",
    "\n",
    "# 设置随机数种子\n",
    "torch.random.manual_seed(55)\n",
    "\n",
    "# 加载数据\n",
    "# 1.数据集中样本的个数. e.g. m=300\n",
    "m = 3 * pow(10, 2)\n",
    "# 2.数据集中特征变量的个数. e.g. n=4\n",
    "n = 4\n",
    "# 3.数据集中多分类的不同类别数. e.g. c=3\n",
    "c = 3\n",
    "\n",
    "# 合成数据集\n",
    "X = torch.randn(size=(m, n), dtype=torch.float32)\n",
    "y = torch.randint(low=0, high=c, size=(m, ), dtype=torch.float32)\n",
    "\n",
    "# 训练模型, 拟合数据集 => 得到权重\n",
    "w = torch.randn(size=(n, c),  requires_grad=True, dtype=torch.float32)"
   ]
  },
  {
   "cell_type": "code",
   "execution_count": 37,
   "id": "88ea3fa5-2a70-4494-b7da-8063ab55122b",
   "metadata": {},
   "outputs": [],
   "source": [
    "# 整合信息\n",
    "z_hat = torch.mm(X, w)\n",
    "# 加工信息\n",
    "sigma = torch.softmax(z_hat, dim=1)"
   ]
  },
  {
   "cell_type": "code",
   "execution_count": 38,
   "id": "8798c387-afcd-4193-b433-3a2c8fd414fa",
   "metadata": {},
   "outputs": [
    {
     "data": {
      "text/plain": [
       "tensor([[9.7232e-01, 2.3609e-02, 4.0667e-03],\n",
       "        [8.6008e-01, 7.6240e-02, 6.3683e-02],\n",
       "        [7.7210e-01, 2.4443e-02, 2.0345e-01],\n",
       "        [4.1000e-04, 6.1172e-01, 3.8787e-01],\n",
       "        [7.2260e-01, 2.9113e-02, 2.4829e-01],\n",
       "        [7.9961e-01, 1.1297e-01, 8.7416e-02],\n",
       "        [8.4914e-01, 1.2141e-01, 2.9452e-02],\n",
       "        [2.2295e-02, 3.9611e-01, 5.8159e-01],\n",
       "        [9.2979e-03, 4.0224e-01, 5.8846e-01],\n",
       "        [1.8620e-03, 9.3091e-01, 6.7230e-02],\n",
       "        [5.6557e-02, 2.2191e-01, 7.2153e-01],\n",
       "        [9.9810e-01, 3.1803e-05, 1.8676e-03],\n",
       "        [1.0296e-02, 1.5393e-03, 9.8816e-01],\n",
       "        [4.7254e-01, 2.8512e-01, 2.4234e-01],\n",
       "        [2.4350e-04, 9.9600e-01, 3.7573e-03],\n",
       "        [7.0799e-03, 9.0332e-01, 8.9595e-02],\n",
       "        [1.4026e-04, 9.3037e-01, 6.9488e-02],\n",
       "        [1.0174e-05, 9.9237e-01, 7.6157e-03],\n",
       "        [9.3553e-01, 3.9643e-02, 2.4823e-02],\n",
       "        [5.3448e-02, 6.2719e-02, 8.8383e-01],\n",
       "        [1.6211e-01, 3.9226e-02, 7.9866e-01],\n",
       "        [9.6225e-01, 1.5265e-03, 3.6223e-02],\n",
       "        [7.6929e-01, 2.0304e-01, 2.7677e-02],\n",
       "        [3.5189e-05, 9.9706e-01, 2.9039e-03],\n",
       "        [9.6959e-01, 6.7764e-04, 2.9730e-02],\n",
       "        [6.7180e-01, 6.8743e-02, 2.5945e-01],\n",
       "        [7.8533e-01, 1.1489e-01, 9.9777e-02],\n",
       "        [4.2138e-01, 5.3767e-01, 4.0944e-02],\n",
       "        [1.4995e-02, 8.7183e-01, 1.1318e-01],\n",
       "        [5.1642e-01, 2.1088e-02, 4.6249e-01],\n",
       "        [4.5527e-02, 4.3429e-01, 5.2018e-01],\n",
       "        [8.9850e-01, 8.1993e-02, 1.9505e-02],\n",
       "        [5.6478e-03, 8.8795e-01, 1.0640e-01],\n",
       "        [9.9956e-01, 1.2553e-06, 4.4051e-04],\n",
       "        [4.6471e-05, 9.7353e-01, 2.6421e-02],\n",
       "        [5.1275e-02, 6.2194e-01, 3.2678e-01],\n",
       "        [2.1136e-01, 5.1447e-01, 2.7418e-01],\n",
       "        [2.5539e-02, 1.0128e-01, 8.7318e-01],\n",
       "        [9.8919e-01, 2.6410e-04, 1.0543e-02],\n",
       "        [9.9090e-01, 6.7437e-05, 9.0304e-03],\n",
       "        [1.9180e-02, 2.3756e-01, 7.4326e-01],\n",
       "        [1.5627e-02, 9.1030e-01, 7.4071e-02],\n",
       "        [2.8221e-04, 2.6353e-01, 7.3619e-01],\n",
       "        [2.2573e-04, 8.9285e-01, 1.0692e-01],\n",
       "        [5.7704e-01, 3.4065e-01, 8.2318e-02],\n",
       "        [3.2394e-01, 4.4492e-02, 6.3156e-01],\n",
       "        [3.7886e-03, 9.8488e-01, 1.1327e-02],\n",
       "        [9.9912e-01, 4.9389e-06, 8.7485e-04],\n",
       "        [2.2994e-01, 2.7620e-01, 4.9385e-01],\n",
       "        [9.5065e-01, 3.4844e-03, 4.5868e-02],\n",
       "        [2.6605e-05, 9.7090e-01, 2.9076e-02],\n",
       "        [2.3585e-02, 6.1984e-01, 3.5658e-01],\n",
       "        [5.3872e-04, 9.9540e-01, 4.0637e-03],\n",
       "        [1.1549e-04, 9.5170e-01, 4.8186e-02],\n",
       "        [1.8704e-01, 7.0481e-01, 1.0816e-01],\n",
       "        [1.0509e-02, 4.4088e-01, 5.4861e-01],\n",
       "        [1.7286e-03, 8.6463e-01, 1.3364e-01],\n",
       "        [9.7080e-01, 8.9059e-04, 2.8311e-02],\n",
       "        [8.4628e-01, 1.6172e-02, 1.3755e-01],\n",
       "        [2.2114e-01, 1.3550e-01, 6.4336e-01],\n",
       "        [9.4868e-01, 5.4663e-03, 4.5852e-02],\n",
       "        [9.9580e-01, 4.9478e-05, 4.1480e-03],\n",
       "        [2.5754e-01, 6.4687e-01, 9.5587e-02],\n",
       "        [5.6965e-01, 3.2059e-01, 1.0977e-01],\n",
       "        [4.4789e-03, 7.5260e-01, 2.4292e-01],\n",
       "        [2.5264e-01, 5.8369e-01, 1.6367e-01],\n",
       "        [9.8771e-01, 3.1420e-04, 1.1980e-02],\n",
       "        [9.7708e-01, 1.0612e-02, 1.2305e-02],\n",
       "        [9.7916e-01, 2.2652e-03, 1.8574e-02],\n",
       "        [2.3860e-03, 9.8879e-01, 8.8281e-03],\n",
       "        [5.7948e-01, 1.6256e-01, 2.5795e-01],\n",
       "        [1.4347e-01, 7.0543e-01, 1.5109e-01],\n",
       "        [9.9635e-01, 8.2333e-04, 2.8268e-03],\n",
       "        [9.9997e-01, 4.8473e-07, 3.1438e-05],\n",
       "        [1.5047e-03, 7.5448e-01, 2.4402e-01],\n",
       "        [7.5061e-02, 7.7298e-02, 8.4764e-01],\n",
       "        [3.7811e-04, 9.5741e-01, 4.2210e-02],\n",
       "        [2.3331e-02, 5.2498e-01, 4.5169e-01],\n",
       "        [1.7751e-03, 9.6747e-01, 3.0756e-02],\n",
       "        [2.1468e-01, 7.6363e-01, 2.1693e-02],\n",
       "        [3.3643e-03, 8.9281e-01, 1.0383e-01],\n",
       "        [4.4081e-02, 7.7996e-01, 1.7596e-01],\n",
       "        [6.1213e-01, 4.4046e-02, 3.4382e-01],\n",
       "        [1.1927e-04, 9.7506e-01, 2.4818e-02],\n",
       "        [8.7342e-02, 2.3929e-02, 8.8873e-01],\n",
       "        [2.3258e-02, 4.1823e-02, 9.3492e-01],\n",
       "        [9.9981e-01, 2.4078e-06, 1.8427e-04],\n",
       "        [8.5488e-01, 2.4228e-02, 1.2089e-01],\n",
       "        [9.8592e-03, 1.7615e-01, 8.1399e-01],\n",
       "        [9.9906e-01, 1.6099e-04, 7.8220e-04],\n",
       "        [8.1995e-01, 1.3401e-01, 4.6042e-02],\n",
       "        [9.9272e-01, 3.7626e-03, 3.5220e-03],\n",
       "        [9.5964e-01, 1.2328e-04, 4.0239e-02],\n",
       "        [3.1594e-02, 7.3165e-01, 2.3675e-01],\n",
       "        [2.6291e-01, 1.4221e-01, 5.9487e-01],\n",
       "        [2.0231e-01, 1.2506e-01, 6.7263e-01],\n",
       "        [8.4999e-01, 2.9634e-02, 1.2037e-01],\n",
       "        [6.3710e-01, 1.3147e-01, 2.3144e-01],\n",
       "        [1.0380e-01, 2.6899e-01, 6.2720e-01],\n",
       "        [9.6443e-01, 2.1246e-02, 1.4322e-02],\n",
       "        [1.1009e-01, 7.9770e-02, 8.1014e-01],\n",
       "        [2.6958e-01, 7.0346e-01, 2.6958e-02],\n",
       "        [9.3790e-01, 3.3631e-02, 2.8467e-02],\n",
       "        [1.2536e-02, 8.0643e-01, 1.8104e-01],\n",
       "        [2.7014e-01, 4.3678e-01, 2.9308e-01],\n",
       "        [8.4628e-01, 7.7231e-02, 7.6486e-02],\n",
       "        [7.5108e-01, 1.3386e-01, 1.1506e-01],\n",
       "        [3.5480e-03, 8.3514e-01, 1.6131e-01],\n",
       "        [1.1735e-01, 4.6556e-01, 4.1709e-01],\n",
       "        [9.9944e-01, 2.2549e-05, 5.3803e-04],\n",
       "        [9.4455e-01, 4.3026e-02, 1.2419e-02],\n",
       "        [9.8179e-01, 2.2322e-03, 1.5982e-02],\n",
       "        [2.4017e-02, 4.1160e-01, 5.6438e-01],\n",
       "        [9.0226e-01, 3.9796e-02, 5.7945e-02],\n",
       "        [2.8163e-01, 3.1360e-02, 6.8701e-01],\n",
       "        [3.3975e-02, 8.5312e-02, 8.8071e-01],\n",
       "        [1.2308e-01, 7.4213e-01, 1.3478e-01],\n",
       "        [3.0052e-01, 3.5837e-01, 3.4111e-01],\n",
       "        [1.6860e-03, 8.5060e-01, 1.4772e-01],\n",
       "        [9.9225e-01, 1.0960e-03, 6.6512e-03],\n",
       "        [8.1878e-01, 1.5289e-02, 1.6593e-01],\n",
       "        [8.5613e-01, 1.3320e-01, 1.0674e-02],\n",
       "        [9.7147e-01, 9.9304e-03, 1.8599e-02],\n",
       "        [7.7056e-01, 1.4995e-01, 7.9494e-02],\n",
       "        [2.9796e-01, 4.8313e-01, 2.1891e-01],\n",
       "        [6.7344e-02, 8.5359e-01, 7.9068e-02],\n",
       "        [6.2507e-02, 5.3211e-01, 4.0539e-01],\n",
       "        [9.4225e-01, 1.0754e-02, 4.6995e-02],\n",
       "        [3.3668e-02, 8.3606e-01, 1.3027e-01],\n",
       "        [3.4149e-02, 4.6873e-01, 4.9712e-01],\n",
       "        [7.6128e-01, 1.6779e-01, 7.0936e-02],\n",
       "        [3.3979e-02, 6.0794e-01, 3.5808e-01],\n",
       "        [3.2305e-03, 9.4248e-01, 5.4288e-02],\n",
       "        [3.0871e-01, 4.0212e-02, 6.5108e-01],\n",
       "        [1.0743e-03, 4.0348e-01, 5.9544e-01],\n",
       "        [5.7715e-02, 5.2752e-01, 4.1477e-01],\n",
       "        [9.0555e-01, 6.8319e-02, 2.6134e-02],\n",
       "        [4.8691e-02, 1.2988e-01, 8.2143e-01],\n",
       "        [7.8237e-01, 1.2626e-01, 9.1373e-02],\n",
       "        [8.6274e-01, 8.5020e-02, 5.2238e-02],\n",
       "        [8.7365e-01, 3.9521e-02, 8.6828e-02],\n",
       "        [2.7100e-04, 9.4815e-01, 5.1581e-02],\n",
       "        [3.2802e-02, 1.9929e-01, 7.6790e-01],\n",
       "        [4.3984e-01, 1.1064e-01, 4.4952e-01],\n",
       "        [6.7688e-01, 6.6297e-03, 3.1649e-01],\n",
       "        [1.7395e-05, 9.9391e-01, 6.0771e-03],\n",
       "        [1.6836e-01, 3.4559e-01, 4.8605e-01],\n",
       "        [8.9437e-01, 1.3233e-02, 9.2394e-02],\n",
       "        [1.6781e-01, 2.1723e-02, 8.1047e-01],\n",
       "        [2.7154e-05, 9.5749e-01, 4.2484e-02],\n",
       "        [5.1279e-01, 3.1975e-01, 1.6746e-01],\n",
       "        [2.8416e-01, 8.3954e-02, 6.3189e-01],\n",
       "        [4.3044e-01, 4.6187e-01, 1.0768e-01],\n",
       "        [4.4098e-01, 4.6784e-01, 9.1180e-02],\n",
       "        [9.8718e-01, 1.0022e-02, 2.7969e-03],\n",
       "        [4.3398e-01, 1.8332e-01, 3.8270e-01],\n",
       "        [8.6731e-01, 6.1811e-02, 7.0882e-02],\n",
       "        [2.8910e-01, 6.8276e-02, 6.4263e-01],\n",
       "        [2.0294e-06, 9.9433e-01, 5.6692e-03],\n",
       "        [9.9370e-01, 3.7944e-04, 5.9186e-03],\n",
       "        [9.5969e-01, 2.8425e-02, 1.1883e-02],\n",
       "        [4.2273e-04, 9.8606e-01, 1.3521e-02],\n",
       "        [3.7631e-02, 7.9920e-01, 1.6317e-01],\n",
       "        [1.1960e-06, 9.8838e-01, 1.1619e-02],\n",
       "        [6.2302e-01, 5.3201e-02, 3.2378e-01],\n",
       "        [9.6198e-02, 6.0796e-01, 2.9584e-01],\n",
       "        [7.5605e-01, 2.1089e-04, 2.4374e-01],\n",
       "        [1.8516e-01, 4.5952e-01, 3.5532e-01],\n",
       "        [3.5883e-01, 1.3256e-01, 5.0861e-01],\n",
       "        [5.2734e-04, 9.6846e-01, 3.1012e-02],\n",
       "        [2.4638e-02, 8.4571e-01, 1.2965e-01],\n",
       "        [4.7834e-01, 2.7308e-01, 2.4858e-01],\n",
       "        [6.8855e-01, 1.3855e-01, 1.7290e-01],\n",
       "        [6.7402e-02, 4.2755e-01, 5.0504e-01],\n",
       "        [9.2689e-01, 1.1363e-02, 6.1742e-02],\n",
       "        [1.8056e-01, 4.2280e-01, 3.9664e-01],\n",
       "        [1.7545e-06, 9.9995e-01, 5.1143e-05],\n",
       "        [9.6727e-01, 1.7572e-03, 3.0974e-02],\n",
       "        [4.0245e-01, 3.4824e-01, 2.4932e-01],\n",
       "        [1.5368e-03, 5.2854e-02, 9.4561e-01],\n",
       "        [9.8563e-01, 6.5740e-05, 1.4300e-02],\n",
       "        [8.0017e-01, 1.0373e-01, 9.6103e-02],\n",
       "        [4.6482e-01, 2.6139e-01, 2.7379e-01],\n",
       "        [8.0052e-02, 1.0372e-02, 9.0958e-01],\n",
       "        [6.4937e-01, 2.5893e-01, 9.1696e-02],\n",
       "        [9.1189e-01, 1.6654e-03, 8.6444e-02],\n",
       "        [4.0862e-02, 5.2171e-01, 4.3742e-01],\n",
       "        [8.8537e-01, 2.5639e-02, 8.8990e-02],\n",
       "        [7.2602e-01, 6.2168e-02, 2.1181e-01],\n",
       "        [6.8811e-02, 3.1774e-01, 6.1345e-01],\n",
       "        [9.3190e-02, 7.8207e-01, 1.2474e-01],\n",
       "        [9.9704e-01, 1.1088e-04, 2.8453e-03],\n",
       "        [2.7987e-02, 9.4425e-01, 2.7764e-02],\n",
       "        [3.5797e-01, 4.6942e-01, 1.7261e-01],\n",
       "        [5.8208e-02, 5.6387e-01, 3.7792e-01],\n",
       "        [9.7986e-01, 8.4195e-04, 1.9293e-02],\n",
       "        [7.3100e-01, 2.7961e-02, 2.4104e-01],\n",
       "        [7.0365e-01, 2.5185e-02, 2.7117e-01],\n",
       "        [9.7930e-01, 1.4812e-02, 5.8874e-03],\n",
       "        [4.0660e-01, 6.2093e-02, 5.3131e-01],\n",
       "        [2.9804e-05, 9.9878e-01, 1.1935e-03],\n",
       "        [2.3841e-04, 6.6870e-01, 3.3106e-01],\n",
       "        [2.9721e-04, 9.7002e-01, 2.9686e-02],\n",
       "        [9.9721e-01, 2.0069e-05, 2.7723e-03],\n",
       "        [8.2642e-01, 3.1037e-02, 1.4254e-01],\n",
       "        [2.8944e-01, 4.3742e-01, 2.7314e-01],\n",
       "        [3.1923e-02, 8.5439e-01, 1.1369e-01],\n",
       "        [4.4891e-06, 9.9404e-01, 5.9595e-03],\n",
       "        [2.0438e-01, 7.1165e-01, 8.3969e-02],\n",
       "        [2.1777e-01, 3.3832e-01, 4.4390e-01],\n",
       "        [1.0827e-01, 7.6613e-01, 1.2561e-01],\n",
       "        [9.6394e-02, 5.9463e-01, 3.0897e-01],\n",
       "        [2.5962e-01, 6.6962e-01, 7.0758e-02],\n",
       "        [8.5460e-01, 3.4111e-02, 1.1128e-01],\n",
       "        [2.7882e-01, 7.7317e-02, 6.4387e-01],\n",
       "        [7.5034e-01, 2.1687e-01, 3.2787e-02],\n",
       "        [2.9457e-02, 9.6887e-01, 1.6769e-03],\n",
       "        [9.7627e-01, 2.5364e-03, 2.1196e-02],\n",
       "        [1.8392e-01, 1.8624e-01, 6.2984e-01],\n",
       "        [9.2077e-01, 5.7951e-02, 2.1282e-02],\n",
       "        [9.4371e-01, 1.5251e-02, 4.1040e-02],\n",
       "        [9.7662e-01, 1.4008e-02, 9.3762e-03],\n",
       "        [3.6481e-01, 6.2447e-01, 1.0719e-02],\n",
       "        [8.7650e-04, 9.4886e-01, 5.0268e-02],\n",
       "        [9.8001e-01, 1.4092e-02, 5.8941e-03],\n",
       "        [9.9943e-01, 1.5193e-06, 5.7022e-04],\n",
       "        [2.5474e-01, 8.1692e-02, 6.6357e-01],\n",
       "        [9.9327e-01, 4.6114e-04, 6.2668e-03],\n",
       "        [5.3115e-01, 4.5173e-01, 1.7121e-02],\n",
       "        [1.1439e-03, 9.5532e-01, 4.3538e-02],\n",
       "        [5.8315e-01, 1.0107e-02, 4.0674e-01],\n",
       "        [6.3718e-01, 6.8713e-02, 2.9410e-01],\n",
       "        [9.9787e-01, 3.5982e-04, 1.7682e-03],\n",
       "        [9.8805e-01, 1.9641e-03, 9.9823e-03],\n",
       "        [9.7360e-01, 1.9069e-03, 2.4495e-02],\n",
       "        [8.9609e-01, 1.0996e-02, 9.2911e-02],\n",
       "        [7.8337e-01, 1.1251e-02, 2.0538e-01],\n",
       "        [9.0506e-01, 1.5951e-03, 9.3343e-02],\n",
       "        [9.2815e-01, 3.4116e-03, 6.8434e-02],\n",
       "        [1.0475e-01, 6.6779e-01, 2.2746e-01],\n",
       "        [5.0927e-03, 8.9460e-01, 1.0030e-01],\n",
       "        [2.0128e-01, 4.2203e-01, 3.7668e-01],\n",
       "        [2.9200e-02, 5.2876e-01, 4.4204e-01],\n",
       "        [9.9847e-01, 1.3182e-05, 1.5193e-03],\n",
       "        [4.5196e-01, 2.8886e-01, 2.5918e-01],\n",
       "        [1.5679e-03, 7.6649e-01, 2.3195e-01],\n",
       "        [8.8701e-04, 9.9475e-01, 4.3636e-03],\n",
       "        [8.3654e-02, 4.5147e-01, 4.6488e-01],\n",
       "        [5.3033e-02, 5.9370e-01, 3.5326e-01],\n",
       "        [2.6679e-03, 9.5559e-01, 4.1741e-02],\n",
       "        [1.3798e-02, 5.9744e-01, 3.8876e-01],\n",
       "        [8.6433e-01, 3.7065e-02, 9.8606e-02],\n",
       "        [1.5933e-03, 9.0042e-01, 9.7989e-02],\n",
       "        [8.5060e-01, 1.2156e-02, 1.3725e-01],\n",
       "        [8.7938e-01, 2.3111e-02, 9.7506e-02],\n",
       "        [8.7120e-01, 1.0749e-01, 2.1309e-02],\n",
       "        [6.4463e-01, 1.2285e-01, 2.3253e-01],\n",
       "        [7.7982e-04, 9.4681e-01, 5.2411e-02],\n",
       "        [8.7003e-01, 5.3415e-03, 1.2463e-01],\n",
       "        [7.2003e-01, 3.9893e-02, 2.4007e-01],\n",
       "        [3.2656e-01, 6.2863e-02, 6.1057e-01],\n",
       "        [4.8189e-02, 6.1377e-01, 3.3804e-01],\n",
       "        [5.3911e-04, 9.8252e-01, 1.6943e-02],\n",
       "        [1.4395e-01, 7.0089e-01, 1.5516e-01],\n",
       "        [9.8338e-01, 1.5054e-03, 1.5118e-02],\n",
       "        [7.1674e-05, 9.8812e-01, 1.1808e-02],\n",
       "        [5.7915e-01, 1.9887e-02, 4.0097e-01],\n",
       "        [6.8891e-02, 7.3234e-01, 1.9877e-01],\n",
       "        [6.0106e-01, 3.1253e-02, 3.6769e-01],\n",
       "        [7.7811e-01, 2.1409e-01, 7.7980e-03],\n",
       "        [9.9978e-01, 1.8417e-05, 1.9892e-04],\n",
       "        [7.7563e-01, 5.1254e-02, 1.7312e-01],\n",
       "        [9.7296e-01, 3.4760e-03, 2.3563e-02],\n",
       "        [1.7271e-03, 6.8102e-01, 3.1725e-01],\n",
       "        [9.8273e-01, 4.4311e-03, 1.2838e-02],\n",
       "        [5.9587e-05, 8.8696e-01, 1.1298e-01],\n",
       "        [8.9005e-01, 2.3089e-02, 8.6864e-02],\n",
       "        [8.3386e-01, 4.3342e-03, 1.6180e-01],\n",
       "        [5.3134e-01, 1.4394e-01, 3.2472e-01],\n",
       "        [9.9931e-01, 1.0596e-04, 5.8349e-04],\n",
       "        [9.6877e-02, 8.3165e-01, 7.1468e-02],\n",
       "        [3.8685e-01, 2.3295e-01, 3.8020e-01],\n",
       "        [8.6796e-01, 1.4657e-02, 1.1738e-01],\n",
       "        [1.0265e-01, 4.8177e-01, 4.1558e-01],\n",
       "        [1.5592e-02, 9.4155e-01, 4.2862e-02],\n",
       "        [1.6093e-02, 9.7672e-01, 7.1822e-03],\n",
       "        [9.8484e-01, 1.6088e-03, 1.3553e-02],\n",
       "        [9.8369e-01, 5.3938e-03, 1.0918e-02],\n",
       "        [1.3651e-04, 9.8137e-01, 1.8491e-02],\n",
       "        [5.1053e-03, 9.8128e-01, 1.3618e-02],\n",
       "        [9.9163e-01, 5.6944e-03, 2.6748e-03],\n",
       "        [9.7124e-01, 3.1401e-04, 2.8444e-02],\n",
       "        [2.6152e-03, 9.0654e-01, 9.0843e-02],\n",
       "        [1.3464e-02, 9.6880e-01, 1.7735e-02],\n",
       "        [2.0295e-03, 6.3657e-01, 3.6140e-01],\n",
       "        [7.7877e-03, 6.9131e-01, 3.0090e-01],\n",
       "        [9.8667e-01, 9.1506e-04, 1.2412e-02],\n",
       "        [2.0758e-01, 4.1799e-01, 3.7443e-01],\n",
       "        [3.5349e-01, 5.8291e-01, 6.3604e-02],\n",
       "        [7.0581e-01, 2.1756e-01, 7.6628e-02]], grad_fn=<SoftmaxBackward0>)"
      ]
     },
     "execution_count": 38,
     "metadata": {},
     "output_type": "execute_result"
    }
   ],
   "source": [
    "sigma"
   ]
  },
  {
   "cell_type": "code",
   "execution_count": 39,
   "id": "1fc26b6a-360b-4cca-9981-270cdeccc6ca",
   "metadata": {},
   "outputs": [
    {
     "name": "stdout",
     "output_type": "stream",
     "text": [
      "当前损失函数的函数值为: 2.6309309005737305\n"
     ]
    }
   ],
   "source": [
    "log_softmax = LogSoftmax(dim=1)\n",
    "# 对整合信息的结果进行加工, 加工信息的函数是先计算softmax然后计算log\n",
    "log_sigma = log_softmax(z_hat)\n",
    "\n",
    "# 计算损失函数的函数值\n",
    "criterion = NLLLoss()\n",
    "loss = criterion(log_sigma, y.long())\n",
    "\n",
    "print(f\"当前损失函数的函数值为: {loss}\")"
   ]
  },
  {
   "cell_type": "code",
   "execution_count": 40,
   "id": "2328ce97-43b5-456d-9d2e-b7e62f794292",
   "metadata": {},
   "outputs": [
    {
     "name": "stdout",
     "output_type": "stream",
     "text": [
      "当前损失函数的函数值为: 2.6309309005737305\n"
     ]
    }
   ],
   "source": [
    "# 计算损失函数的函数值\n",
    "criterion = CrossEntropyLoss()\n",
    "loss = criterion(z_hat, y.long())\n",
    "\n",
    "print(f\"当前损失函数的函数值为: {loss}\")"
   ]
  },
  {
   "cell_type": "code",
   "execution_count": null,
   "id": "53d1472c-6938-4312-bc13-a0f0c9d0542d",
   "metadata": {},
   "outputs": [],
   "source": []
  }
 ],
 "metadata": {
  "kernelspec": {
   "display_name": "Python 3 (ipykernel)",
   "language": "python",
   "name": "python3"
  },
  "language_info": {
   "codemirror_mode": {
    "name": "ipython",
    "version": 3
   },
   "file_extension": ".py",
   "mimetype": "text/x-python",
   "name": "python",
   "nbconvert_exporter": "python",
   "pygments_lexer": "ipython3",
   "version": "3.10.9"
  }
 },
 "nbformat": 4,
 "nbformat_minor": 5
}
